4
11
2922.141177 5060.589624 0.000000 2017.269199 
5326.241749 3397.539564 0.000000 1276.218686 
2210.674559 3571.169329 1944.591624 2273.564488 
2891.591716 3019.066431 0.000000 4089.341853 
2131.675300 3106.163331 2147.862662 2614.298708 
4145.241610 2198.178906 0.000000 3656.579484 
3557.753283 1952.029276 0.000000 4490.217440 
2429.842183 2567.374423 2264.166912 2738.616482 
3818.031096 2823.641452 1587.023205 1771.304247 
3443.489055 2800.020225 1864.458659 1892.032060 
0.000000 0.000000 0.000000 0.000000 
8
0
1
2
3
4
5
6
7
