5
1
1251.038058 1906.663236 2519.410559 1529.186226 2660.794350 
6
13
1.000000 1.000000 1.000000 1.000000 1.000000 -10000.000000 
0.745436 0.038421 0.422670 -0.849195 -0.574572 0.000000 
0.214511 -0.002176 0.023935 0.401690 -0.654218 0.000000 
0.100378 -0.153591 0.190614 -0.480975 0.108850 0.000000 
0.278828 0.588630 -0.395308 -0.421652 0.013784 0.000000 
0.317875 -0.043079 -0.735019 0.233838 0.016568 0.000000 
-0.339221 0.106559 0.007820 0.011546 0.019145 0.000000 
0.037266 -0.232995 -0.753813 -0.330791 0.738118 0.000000 
0.733085 -0.309174 0.042546 -0.019893 -0.201934 0.000000 
0.190173 -0.811434 0.136613 0.251894 -0.075377 0.000000 
0.261567 -0.704377 0.007112 -0.085972 0.266437 0.000000 
-0.071103 -0.220122 -0.189810 0.231270 0.006666 0.000000 
-0.083579 -0.127893 -0.029316 0.243357 -0.031110 0.000000 
