1115
1
11
24
56
69
72
73
80
107
118
125
136
144
156
164
170
175
180
196
212
223
226
230
232
237
248
249
253
255
294
296
297
303
338
344
345
348
351
352
371
385
386
406
412
413
418
431
432
439
446
451
453
468
475
477
485
490
493
504
505
519
522
524
535
540
569
579
584
593
601
621
635
647
650
657
680
682
684
690
697
707
722
730
735
736
737
749
752
754
756
760
768
777
785
797
805
806
812
826
856
864
888
893
897
904
917
922
931
946
953
954
959
961
966
998
1002
1006
1023
1056
1058
1065
1084
1086
1112
1123
1129
1141
1169
1170
1214
1220
1237
1245
1253
1259
1265
1270
1272
1284
1286
1292
1300
1302
1307
1318
1359
1362
1377
1378
1385
1389
1393
1422
1429
1430
1433
1435
1445
1446
1448
1452
1458
1466
1502
1506
1509
1510
1531
1532
1536
1539
1541
1560
1579
1617
1626
1628
1640
1651
1655
1676
1682
1684
1698
1710
1712
1715
1722
1725
1730
1732
1738
1753
1764
1772
1797
1814
1816
1826
1845
1848
1852
1860
1861
1863
1888
1905
1931
1969
1971
1974
1981
1996
1999
2012
2063
2068
2070
2077
2078
2105
2117
2129
2136
2145
2152
2191
2196
2200
2212
2226
2236
2238
2242
2249
2257
2265
2276
2289
2337
2355
2356
2363
2368
2371
2378
2385
2392
2396
2440
2455
2470
2471
2498
2504
2505
2529
2530
2541
2542
2552
2562
2568
2575
2604
2618
2663
2673
2726
2732
2735
2739
2747
2765
2783
2786
2794
2811
2833
2842
2844
2852
2856
2860
2869
2870
2884
2939
2951
2975
2983
2985
2987
3001
3003
3009
3011
3015
3042
3051
3052
3060
3070
3117
3120
3128
3129
3139
3142
3153
3163
3170
3172
3175
3176
3180
3209
3217
3231
3232
3236
3237
3259
3266
3282
3287
3292
3295
3301
3305
3316
3325
3328
3370
3392
3395
3401
3420
3426
3438
3442
3443
3445
3446
3447
3454
3471
3477
3483
3484
3494
3507
3510
3515
3526
3531
3572
3575
3581
3604
3607
3619
3641
3655
3686
3704
3711
3712
3714
3718
3739
3746
3752
3770
3778
3806
3812
3832
3866
3879
3886
3910
3915
3939
3941
3962
3966
3982
3991
3992
4002
4013
4018
4021
4028
4044
4049
4068
4091
4097
4103
4107
4119
4126
4137
4154
4163
4165
4175
4186
4189
4193
4217
4220
4243
4248
4251
4260
4266
4280
4289
4290
4292
4294
4299
4301
4302
4304
4356
4361
4362
4394
4396
4413
4431
4433
4453
4458
4469
4472
4474
4493
4504
4536
4537
4562
4584
4598
4605
4612
4631
4650
4657
4669
4675
4680
4684
4687
4692
4701
4704
4711
4717
4720
4733
4737
4753
4838
4844
4849
4856
4858
4859
4864
4869
4883
4918
4936
4939
4943
4954
4973
4987
4989
4990
5001
5004
5006
5008
5009
5010
5019
5034
5037
5081
5098
5103
5107
5132
5138
5139
5141
5144
5146
5151
5169
5190
5193
5197
5207
5214
5225
5232
5235
5237
5251
5264
5293
5326
5327
5334
5337
5338
5345
5367
5396
5425
5442
5461
5477
5501
5508
5514
5515
5520
5527
5528
5531
5545
5550
5564
5574
5579
5590
5594
5610
5623
5652
5657
5659
5664
5667
5675
5680
5682
5697
5703
5705
5725
5740
5745
5746
5748
5753
5761
5794
5798
5804
5817
5825
5842
5862
5872
5883
5920
5940
5943
5946
5947
5958
5975
5985
5989
5992
6013
6023
6037
6042
6046
6058
6094
6099
6102
6103
6121
6129
6151
6155
6173
6182
6217
6224
6247
6254
6259
6271
6277
6284
6287
6298
6314
6323
6326
6334
6336
6342
6345
6354
6372
6382
6389
6409
6421
6432
6439
6445
6446
6452
6453
6457
6458
6484
6517
6530
6537
6539
6541
6542
6548
6552
6554
6557
6562
6577
6584
6597
6611
6618
6624
6649
6658
6665
6681
6682
6706
6711
6742
6751
6775
6785
6786
6801
6851
6858
6879
6887
6893
6943
6949
6953
6959
6961
6974
6976
6977
6982
6984
6997
7008
7013
7017
7046
7058
7059
7060
7071
7076
7087
7099
7110
7111
7112
7131
7136
7164
7167
7172
7173
7176
7191
7201
7221
7229
7234
7242
7254
7267
7268
7297
7309
7315
7316
7319
7326
7333
7336
7354
7357
7360
7375
7378
7387
7389
7393
7415
7418
7434
7436
7446
7458
7465
7471
7485
7513
7518
7545
7550
7563
7566
7587
7590
7595
7597
7603
7605
7606
7649
7655
7680
7684
7685
7686
7688
7695
7697
7698
7699
7709
7723
7725
7746
7747
7764
7769
7771
7773
7780
7782
7809
7817
7825
7833
7836
7851
7857
7861
7867
7868
7869
7872
7879
7895
7905
7927
7940
7943
7945
7951
7969
7972
7973
7981
7984
7990
7991
7992
7994
7998
8004
8008
8018
8034
8056
8062
8072
8093
8125
8132
8134
8167
8176
8177
8179
8182
8187
8195
8197
8198
8209
8218
8220
8225
8227
8229
8235
8236
8241
8243
8249
8258
8259
8289
8296
8306
8313
8323
8364
8381
8385
8386
8411
8415
8421
8426
8434
8439
8477
8498
8505
8517
8518
8522
8529
8533
8538
8542
8552
8561
8565
8567
8569
8578
8597
8609
8618
8622
8624
8630
8650
8652
8659
8673
8675
8706
8757
8778
8789
8791
8803
8841
8861
8883
8899
8907
8911
8917
8918
8921
8938
8941
8944
8964
8972
8974
8985
8988
8990
9000
9004
9008
9067
9101
9120
9125
9132
9150
9157
9166
9170
9172
9177
9185
9192
9194
9200
9207
9216
9220
9222
9242
9277
9284
9307
9315
9321
9330
9339
9343
9344
9354
9355
9359
9363
9371
9374
9375
9381
9392
9403
9410
9443
9470
9473
9480
9481
9486
9493
9494
9504
9520
9529
9534
9541
9556
9558
9568
9569
9575
9576
9583
9594
9600
9619
9623
9625
9627
9648
9672
9699
9701
9705
9721
9742
9771
9774
9778
9780
9798
9814
9821
9824
9833
9849
9850
9852
9884
9911
9916
9938
9946
9949
9953
9955
9969
9978
9979
9984
9993
9996
9999
10003
10004
10019
10022
10050
10058
10060
10072
10085
10104
10109
10114
10119
10123
10124
10125
10128
10129
10130
10143
10146
10150
10185
10251
10260
10293
10295
10306
10326
10345
10347
10350
10358
10368
10373
10379
10404
10411
10417
10418
10431
10441
10471
10487
10489
10493
10500
10505
10514
10519
10559
10579
10596
10602
10614
10628
10645
10659
10680
10709
10713
10728
10734
10761
10767
10785
10814
10823
10837
10852
10856
10861
10872
10883
10909
10929
10932
10950
10959
10963
10968
10989
10993
10994
10996
10999
11012
11015
11023
11040
11046
11074
11086
11092
11111
11132
11146
11151
11167
11169
11171
11193
11195
11232
11245
11252
11255
11257
11274
11292
11302
11310
11322
11339
11352
