4
17
1231.283843 1038.398220 6458.770995 1271.546943 
1435.300200 472.403321 7020.592877 1071.703602 
698.528140 151.190227 8739.386237 410.895395 
1504.710518 1584.393287 5473.627722 1437.268472 
1522.656322 1577.107135 5441.525960 1458.710584 
1527.351925 1580.383742 5432.433694 1459.830639 
1707.217900 740.480257 6388.256349 1164.045494 
1838.291028 987.323113 5924.564464 1249.821395 
1306.452434 731.128278 7325.415321 637.003967 
1430.711260 939.284509 6902.500039 727.504192 
1478.900504 1585.933212 5526.546073 1408.620211 
1303.604154 1280.396650 6507.294927 908.704269 
1025.409469 925.900874 6975.083570 1073.606088 
659.487432 471.514431 8295.933885 573.064252 
1264.983944 1371.370407 6136.767910 1226.877738 
968.553744 1013.020427 7208.519762 809.906067 
-0.000000 -0.000000 -0.000000 -0.000000 
11
0
21
36
48
57
68
80
83
84
106
109
