4
1
975.688016 6516.209600 231.251100 2045.600183 
5
10
1.000000 1.000000 1.000000 1.000000 -10000.000000 
-1.000000 0.000000 0.000000 0.000000 0.000000 
0.000000 0.000000 -1.000000 0.000000 0.000000 
-0.654691 -0.173414 0.770155 0.033081 0.000000 
0.030970 0.153990 0.323790 -0.654955 0.000000 
-0.459310 -0.581881 0.948220 0.388388 0.000000 
0.404811 -0.164612 0.003458 -0.144943 0.000000 
0.693041 -0.059516 0.208352 -0.568300 0.000000 
-0.075730 -0.077241 0.000249 0.169094 0.000000 
0.395817 -0.008595 -0.150302 -0.257470 0.000000 
