4
457
0.384212 0.517806 0.786768 0.423353 
0.357725 0.903490 0.464810 0.590192 
0.698574 0.415802 0.629198 0.468941 
0.910642 0.359487 0.411604 0.317174 
0.681672 0.279548 0.538087 0.544216 
0.560784 0.510997 0.919740 0.017149 
0.479174 0.060272 0.888385 0.578978 
0.230159 0.791714 0.713350 0.542218 
0.233871 0.598582 0.516200 0.743029 
0.954580 0.664256 0.260380 0.257219 
0.061907 0.931008 0.298060 0.923429 
0.496517 0.304908 0.612704 0.779418 
0.824946 0.824164 0.039105 0.508752 
0.499081 0.227961 0.932489 0.535405 
0.517516 0.539293 0.336650 0.618556 
0.346315 0.528149 0.891996 0.518053 
0.949513 0.225240 0.183290 0.648368 
0.104216 0.406107 0.951008 0.660958 
0.071597 0.743693 0.703603 0.583614 
0.510611 0.856921 0.402231 0.460583 
0.404327 0.106373 0.868569 0.786118 
0.476398 0.716782 0.486277 0.390539 
0.643219 0.362809 0.824946 0.483720 
0.021187 0.919561 0.320942 0.818896 
0.204243 0.447815 0.733651 0.747302 
0.404415 0.535211 0.396342 0.888451 
0.889882 0.355197 0.636174 0.123463 
0.157748 0.905624 0.797241 0.122006 
0.517919 0.558596 0.443411 0.555106 
0.394424 0.471173 0.764340 0.538758 
0.135252 0.987971 0.004495 0.863898 
0.927232 0.576563 0.410556 0.150671 
0.639871 0.364581 0.642624 0.562867 
0.173760 0.764327 0.455483 0.759277 
0.065983 0.635877 0.970914 0.268495 
0.999731 0.405709 0.164843 0.461037 
0.173301 0.251744 0.749168 0.796216 
0.290690 0.733096 0.451773 0.825525 
0.790145 0.655250 0.351581 0.080573 
0.628549 0.101629 0.618326 0.611924 
0.704281 0.041271 0.650437 0.771946 
0.403469 0.718795 0.523499 0.526867 
0.367701 0.965414 0.285503 0.564172 
0.711053 0.241233 0.890161 0.484879 
0.515826 0.691314 0.058095 0.929014 
0.638369 0.332604 0.382399 0.686323 
0.656356 0.213088 0.523777 0.961035 
0.819646 0.663761 0.190156 0.391097 
0.692321 0.340687 0.767695 0.328419 
0.230164 0.933475 0.714608 0.207720 
0.883922 0.324377 0.382780 0.597630 
0.704962 0.284563 0.884300 0.194827 
0.830206 0.726512 0.166177 0.333119 
0.142854 0.923296 0.658680 0.435320 
0.358630 0.698408 0.498185 0.628876 
0.721071 0.570562 0.669620 0.281315 
0.361098 0.424329 0.648160 0.632279 
0.997494 0.637489 0.335830 0.042917 
0.905540 0.516955 0.599898 0.044563 
0.049128 0.406043 0.955061 0.477648 
0.367605 0.855278 0.169895 0.644767 
0.425039 0.371988 0.796221 0.577437 
0.176135 0.591702 0.715658 0.653942 
0.418794 0.984429 0.360614 0.397407 
0.023220 0.897311 0.686824 0.376585 
0.709709 0.447776 0.938466 0.124956 
0.955730 0.255080 0.341289 0.572019 
0.704715 0.520429 0.793265 0.201070 
0.164085 0.405733 0.693563 0.771427 
0.390823 0.857648 0.265424 0.479960 
0.639985 0.855947 0.220930 0.408403 
0.041153 0.489117 0.838861 0.818178 
0.648954 0.148121 0.927053 0.427139 
0.857472 0.492370 0.941553 0.023271 
0.329990 0.841911 0.823043 0.250284 
0.976705 0.335833 0.508436 0.227850 
0.318466 0.036666 0.707777 0.966352 
0.230708 0.376953 0.784338 0.615070 
0.366772 0.443309 0.600604 0.754188 
0.592394 0.230097 0.822785 0.570919 
0.237391 0.431791 0.552673 0.798038 
0.240788 0.639256 0.504892 0.646456 
0.684709 0.334050 0.611650 0.539238 
0.426761 0.791920 0.540104 0.521283 
0.696207 0.258905 0.764809 0.459620 
0.754132 0.318328 0.638789 0.415028 
0.573590 0.388485 0.611096 0.770755 
0.487723 0.321316 0.151639 0.990673 
0.745633 0.211365 0.612102 0.723534 
0.536751 0.412584 0.590094 0.678978 
0.890754 0.900005 0.425947 0.062854 
0.362314 0.765471 0.320527 0.617475 
0.450134 0.819378 0.308073 0.763984 
0.886402 0.351650 0.855911 0.115396 
0.310072 0.566115 0.947748 0.223481 
0.699867 0.528783 0.320229 0.505706 
0.747962 0.950844 0.376619 0.356580 
0.880934 0.327407 0.632489 0.506528 
0.238040 0.835318 0.423069 0.752210 
0.770109 0.934482 0.361600 0.404265 
0.295977 0.836773 0.163392 0.670409 
0.778181 0.076398 0.407796 0.890691 
0.749683 0.665299 0.658560 0.164601 
0.551460 0.540818 0.435020 0.519123 
0.653708 0.435426 0.337096 0.980680 
0.658654 0.423559 0.545387 0.608021 
0.499324 0.312488 0.717046 0.623810 
0.812379 0.651864 0.428878 0.242226 
0.893287 0.641428 0.542953 0.269394 
0.645287 0.100285 0.837918 0.648354 
0.313464 0.717330 0.906733 0.143447 
0.899591 0.564671 0.087014 0.580154 
0.923662 0.807547 0.247914 0.173550 
0.806093 0.565260 0.321173 0.431078 
0.434245 0.465866 0.750805 0.322960 
0.216990 0.488246 0.625651 0.742302 
0.292313 0.288711 0.384390 0.971959 
0.843082 0.173123 0.926037 0.175154 
0.309403 0.865574 0.096689 0.819311 
0.968116 0.219263 0.399781 0.359946 
0.215389 0.911303 0.200891 0.843169 
0.241569 0.021597 0.795342 0.957905 
0.052766 0.848327 0.472485 0.795541 
0.420944 0.516354 0.816541 0.519001 
0.468563 0.679199 0.371483 0.519349 
0.091552 0.817341 0.686178 0.422010 
0.399427 0.361593 0.879417 0.301309 
0.423239 0.494308 0.308772 0.999355 
0.081549 0.993479 0.103252 0.718420 
0.357217 0.366564 0.952240 0.588497 
0.353045 0.792471 0.086346 0.848000 
0.440898 0.865847 0.661632 0.209220 
0.574878 0.176592 0.712581 0.817598 
0.224368 0.928207 0.079510 0.711914 
0.021672 0.567458 0.520442 0.853800 
0.761520 0.324675 0.498105 0.550746 
0.389672 0.853108 0.412213 0.406130 
0.290254 0.494614 0.710828 0.621497 
0.610354 0.516620 0.350183 0.637446 
0.794991 0.124577 0.947707 0.302499 
0.093834 0.706502 0.735591 0.530945 
0.363590 0.825222 0.833855 0.354126 
0.936395 0.501341 0.494732 0.240208 
0.420905 0.905695 0.561653 0.325355 
0.691216 0.758671 0.417433 0.293535 
0.982616 0.303784 0.316999 0.384356 
0.389696 0.610871 0.226537 0.917038 
0.420491 0.849483 0.294147 0.544331 
0.537739 0.420796 0.882295 0.199218 
0.052974 0.600397 0.604765 0.756500 
0.311668 0.101010 0.968947 0.796118 
0.770830 0.360398 0.746429 0.251488 
0.555602 0.749040 0.272952 0.807934 
0.341598 0.864586 0.640121 0.517842 
0.494220 0.561058 0.448829 0.794297 
0.563526 0.987988 0.002788 0.272570 
0.169085 0.966753 0.566878 0.355088 
0.169235 0.605125 0.562494 0.830515 
0.927390 0.228492 0.564351 0.413398 
0.703662 0.284950 0.805167 0.329002 
0.580563 0.328214 0.828000 0.460155 
0.590471 0.449038 0.169341 0.926886 
0.466284 0.500350 0.743984 0.388321 
0.811209 0.496136 0.492199 0.323148 
0.424736 0.328244 0.986275 0.486922 
0.520619 0.685385 0.594918 0.404401 
0.805736 0.661768 0.273552 0.314108 
0.348408 0.546598 0.612304 0.698578 
0.591583 0.623543 0.792612 0.301795 
0.412207 0.677130 0.451150 0.579487 
0.543614 0.986285 0.044723 0.566348 
0.840766 0.630233 0.130436 0.642068 
0.007096 0.700597 0.381007 0.985073 
0.356749 0.235301 0.584481 0.919435 
0.871768 0.046156 0.206491 0.918700 
0.093450 0.291763 0.924965 0.808880 
0.578089 0.177865 0.732690 0.647396 
0.518570 0.810765 0.238413 0.551360 
0.210452 0.417560 0.722556 0.672981 
0.991693 0.575862 0.406973 0.303415 
0.985400 0.398724 0.139140 0.502432 
0.536478 0.533250 0.131906 0.961683 
0.935947 0.279445 0.095139 0.750002 
0.234717 0.149723 0.999136 0.672103 
0.895304 0.591452 0.099379 0.494282 
0.472409 0.352859 0.631017 0.680495 
0.909945 0.701386 0.038887 0.279618 
0.993890 0.543790 0.467906 0.130852 
0.715213 0.172782 0.715665 0.381552 
0.752514 0.432183 0.328050 0.507932 
0.146992 0.948396 0.986085 0.081054 
0.406750 0.596994 0.076770 0.875971 
0.996233 0.077500 0.474204 0.587357 
0.444209 0.012190 0.991731 0.553657 
0.995004 0.298329 0.345144 0.363234 
0.162249 0.462241 0.485323 0.921499 
0.840885 0.589905 0.175427 0.471748 
0.933512 0.553203 0.588577 0.272305 
0.208044 0.921086 0.260656 0.842783 
0.831016 0.670256 0.084306 0.654838 
0.509048 0.669044 0.743936 0.188740 
0.191240 0.646941 0.937628 0.199244 
0.651483 0.752985 0.442728 0.273293 
0.649328 0.257973 0.784440 0.417232 
0.514756 0.530788 0.291287 0.827727 
0.761888 0.399958 0.225134 0.741670 
0.524713 0.991002 0.318674 0.424752 
0.195196 0.730071 0.635113 0.553473 
0.167545 0.817960 0.081985 0.906613 
0.346757 0.713309 0.329462 0.592712 
0.475622 0.678679 0.521776 0.405022 
0.151309 0.466950 0.959077 0.410614 
0.500393 0.929156 0.210267 0.513967 
0.477279 0.661533 0.706884 0.611588 
0.278403 0.619840 0.529048 0.738742 
0.818236 0.242630 0.026478 0.944245 
0.600426 0.501597 0.526147 0.615713 
0.877696 0.820791 0.006404 0.570152 
0.402916 0.929042 0.742101 0.083078 
0.715025 0.626433 0.474204 0.386067 
0.741252 0.488522 0.360397 0.552157 
0.529773 0.542852 0.357634 0.589741 
0.306302 0.020261 0.995117 0.808205 
0.665311 0.311983 0.253500 0.787825 
0.174518 0.603109 0.572305 0.836380 
0.665724 0.308839 0.173112 0.880819 
0.929720 0.045948 0.254839 0.769556 
0.077068 0.993998 0.153248 0.972565 
0.862350 0.153108 0.354878 0.829804 
0.341584 0.102427 0.993313 0.235592 
0.956924 0.341904 0.699793 0.043543 
0.805725 0.271448 0.241909 0.888445 
0.414526 0.178348 0.890771 0.740109 
0.526347 0.832703 0.338040 0.526584 
0.392533 0.436892 0.483449 0.874074 
0.626933 0.716454 0.144613 0.603488 
0.124210 0.370266 0.616060 0.921978 
0.244318 0.920306 0.439725 0.682481 
0.488619 0.606053 0.862360 0.133351 
0.288788 0.846134 0.233475 0.654378 
0.680214 0.329423 0.454579 0.773442 
0.561684 0.561619 0.132125 0.933887 
0.603718 0.610449 0.643646 0.471309 
0.409240 0.255434 0.532185 0.839408 
0.881306 0.878280 0.047839 0.134235 
0.492926 0.285474 0.924954 0.353865 
0.098693 0.699475 0.512520 0.946048 
0.893362 0.298608 0.766783 0.058653 
0.318255 0.652458 0.713866 0.447024 
0.830797 0.178781 0.851419 0.355668 
0.859939 0.046720 0.819589 0.189371 
0.100850 0.602242 0.917894 0.327873 
0.745077 0.800192 0.508020 0.169745 
0.458512 0.958423 0.357952 0.304436 
0.640235 0.451189 0.969815 0.131861 
0.966524 0.483499 0.012040 0.697872 
0.043709 0.136733 0.505606 0.992923 
0.485213 0.237062 0.738612 0.839418 
0.041889 0.430991 0.893996 0.670120 
0.916903 0.228777 0.782444 0.065365 
0.472885 0.985403 0.002946 0.715095 
0.679793 0.368943 0.091173 0.876560 
0.650862 0.904339 0.155366 0.445566 
0.133531 0.234138 0.663730 0.863456 
0.189550 0.775528 0.484805 0.585996 
0.834709 0.688165 0.084878 0.424918 
0.479198 0.502441 0.677473 0.462890 
0.775093 0.152697 0.752252 0.363155 
0.528135 0.426616 0.708872 0.492322 
0.370710 0.746127 0.379456 0.588506 
0.404519 0.556470 0.950247 0.085786 
0.329235 0.416646 0.996523 0.435316 
0.984540 0.098934 0.731539 0.291149 
0.429055 0.290932 0.645119 0.742805 
0.397666 0.270465 0.493660 0.933705 
0.309584 0.950698 0.388237 0.331579 
0.813332 0.437320 0.702822 0.412924 
0.838881 0.183925 0.938964 0.035281 
0.558514 0.804301 0.479782 0.062931 
0.496870 0.809838 0.292794 0.602376 
0.979981 0.017705 0.900877 0.265243 
0.294946 0.317142 0.802874 0.793320 
0.602699 0.645888 0.701187 0.331778 
0.883988 0.879562 0.007671 0.239397 
0.244477 0.734197 0.472289 0.931277 
0.042130 0.957050 0.443104 0.733914 
0.016166 0.520036 0.811822 0.826018 
0.767597 0.753014 0.039323 0.736790 
0.327828 0.162289 0.907466 0.952936 
0.668090 0.243003 0.429944 0.983967 
0.832036 0.034632 0.561800 0.749882 
0.596735 0.364736 0.994701 0.196562 
0.261070 0.854499 0.256899 0.742682 
0.971129 0.061609 0.286761 0.742421 
0.748498 0.240840 0.407311 0.752349 
0.705814 0.543746 0.302294 0.742797 
0.512292 0.441916 0.447942 0.899116 
0.568316 0.804721 0.098182 0.587297 
0.986128 0.148203 0.908559 0.166596 
0.623777 0.724426 0.420559 0.398328 
0.944537 0.171367 0.966345 0.031273 
0.582846 0.177513 0.965569 0.562087 
0.895141 0.396425 0.378923 0.699959 
0.560145 0.656936 0.428357 0.415074 
0.206607 0.501563 0.747550 0.706103 
0.598301 0.672117 0.694484 0.143180 
0.874787 0.508889 0.598860 0.306583 
0.259464 0.290120 0.332541 0.986387 
0.362381 0.888372 0.391275 0.525529 
0.787211 0.574243 0.517560 0.286389 
0.045474 0.579416 0.734597 0.712209 
0.769720 0.321817 0.747113 0.286471 
0.164969 0.902376 0.318828 0.717794 
0.648463 0.594372 0.485221 0.412783 
0.522674 0.010978 0.785261 0.759988 
0.230891 0.352240 0.473308 0.917171 
0.683769 0.392431 0.410473 0.669297 
0.757137 0.237443 0.934477 0.095063 
0.804713 0.120553 0.491644 0.723900 
0.754921 0.613803 0.270792 0.591407 
0.939362 0.291356 0.715187 0.151954 
0.387627 0.239578 0.572357 0.861225 
0.940946 0.260375 0.489162 0.443742 
0.977120 0.135902 0.614198 0.622223 
0.605674 0.936168 0.463445 0.391890 
0.236185 0.598134 0.599576 0.696883 
0.320360 0.850503 0.131476 0.765583 
0.186611 0.390974 0.589906 0.953316 
0.709308 0.668583 0.704912 0.039379 
0.215664 0.852003 0.050722 0.918389 
0.484535 0.773332 0.804663 0.192508 
0.428269 0.272961 0.856951 0.653793 
0.024819 0.657349 0.531993 0.780045 
0.888260 0.643358 0.062912 0.579732 
0.193882 0.481180 0.818338 0.722810 
0.765496 0.679637 0.607226 0.099143 
0.827850 0.304712 0.386879 0.597616 
0.577394 0.053487 0.677401 0.755866 
0.600003 0.683993 0.177624 0.865107 
0.732600 0.651119 0.370262 0.370513 
0.424624 0.918192 0.726490 0.172826 
0.760725 0.476148 0.448481 0.463427 
0.733700 0.554766 0.351205 0.456231 
0.427148 0.802416 0.672738 0.223375 
0.637768 0.730279 0.267940 0.583131 
0.402194 0.695060 0.859932 0.383523 
0.144407 0.996371 0.075166 0.692674 
0.652897 0.549331 0.782308 0.185599 
0.290837 0.747111 0.038425 0.848794 
0.825748 0.488661 0.193843 0.370284 
0.736093 0.247269 0.977437 0.077435 
0.820449 0.726026 0.342113 0.109499 
0.598309 0.773834 0.210560 0.683988 
0.545757 0.949625 0.399613 0.114263 
0.496906 0.576576 0.126327 0.925988 
0.266807 0.888028 0.838273 0.328310 
0.222588 0.934267 0.892367 0.054377 
0.696172 0.027079 0.557715 0.891442 
0.379982 0.321671 0.401925 0.955894 
0.069420 0.592736 0.358207 0.956042 
0.550963 0.366320 0.820669 0.378673 
0.359932 0.451328 0.982650 0.412647 
0.142050 0.822211 0.625663 0.726441 
0.984454 0.364788 0.546633 0.196667 
0.803318 0.473754 0.767817 0.172421 
0.960993 0.193675 0.224962 0.775124 
0.521447 0.853670 0.151804 0.535731 
0.272215 0.976723 0.447646 0.209899 
0.611843 0.468843 0.707922 0.531610 
0.763014 0.042226 0.815048 0.493807 
0.285835 0.704039 0.525078 0.531558 
0.981418 0.283398 0.555602 0.349909 
0.504769 0.660674 0.310311 0.598152 
0.428852 0.476450 0.305199 0.872031 
0.467708 0.404296 0.760985 0.349660 
0.416627 0.496019 0.405792 0.796728 
0.942605 0.215700 0.646431 0.050320 
0.037939 0.693961 0.748515 0.534575 
0.381542 0.629147 0.624905 0.666936 
0.081321 0.741384 0.368654 0.771532 
0.599502 0.809133 0.076829 0.557299 
0.514743 0.422571 0.918467 0.266460 
0.508101 0.753499 0.615987 0.348362 
0.467150 0.768021 0.559727 0.257888 
0.371753 0.905083 0.095997 0.608403 
0.383915 0.889140 0.130793 0.560006 
0.199262 0.484410 0.446116 0.960020 
0.579139 0.192383 0.243343 0.988906 
0.651497 0.746762 0.561673 0.298124 
0.749010 0.123896 0.333421 0.942844 
0.407068 0.876347 0.102535 0.695930 
0.671234 0.697785 0.299321 0.565240 
0.408371 0.516694 0.461915 0.611849 
0.397155 0.908162 0.003195 0.884189 
0.935324 0.180006 0.754661 0.247149 
0.604722 0.529689 0.037417 0.793872 
0.941308 0.582444 0.324964 0.048579 
0.222014 0.694279 0.278610 0.969332 
0.042218 0.504168 0.317533 0.989022 
0.809211 0.642279 0.251990 0.584402 
0.837669 0.655492 0.006560 0.460787 
0.722312 0.592860 0.629671 0.265897 
0.477763 0.310906 0.923867 0.476684 
0.496571 0.943628 0.398343 0.149122 
0.108578 0.467044 0.977647 0.454971 
0.830980 0.641795 0.365388 0.085612 
0.477187 0.447992 0.886313 0.141010 
0.528303 0.768627 0.699475 0.191314 
0.594971 0.609822 0.199565 0.701999 
0.723945 0.552266 0.294600 0.606713 
0.503367 0.185274 0.576076 0.816826 
0.517226 0.879513 0.844354 0.067339 
0.962743 0.489365 0.158785 0.532323 
0.585337 0.033541 0.894412 0.472117 
0.815234 0.139372 0.690696 0.424296 
0.554602 0.659274 0.609678 0.484386 
0.566430 0.592258 0.404657 0.479188 
0.496844 0.340710 0.785275 0.577908 
0.816034 0.653841 0.269908 0.381344 
0.258253 0.965335 0.594874 0.138747 
0.622468 0.067226 0.648055 0.723714 
0.365882 0.554464 0.163399 0.932132 
0.888218 0.307504 0.416478 0.353564 
0.207532 0.628882 0.805349 0.552013 
0.386153 0.620637 0.539315 0.727130 
0.479169 0.676035 0.422028 0.450249 
0.302414 0.265625 0.547697 0.890779 
0.764603 0.162500 0.984588 0.200692 
0.818599 0.316878 0.562032 0.523439 
0.746488 0.623956 0.147028 0.756940 
0.840720 0.250022 0.481689 0.749764 
0.408556 0.275669 0.927413 0.752877 
0.825218 0.687472 0.156665 0.746685 
0.288378 0.517471 0.940235 0.596418 
0.576771 0.230229 0.720179 0.589628 
0.120774 0.796842 0.872773 0.479146 
0.835928 0.606220 0.030877 0.678877 
0.387830 0.640659 0.907920 0.190721 
0.809289 0.459186 0.197273 0.781614 
0.166536 0.989612 0.076304 0.815686 
0.622470 0.001423 0.984945 0.385283 
0.155991 0.420027 0.797031 0.844747 
0.945553 0.539024 0.099861 0.538078 
0.267160 0.648177 0.801597 0.473542 
0.600457 0.516507 0.217407 0.804228 
0.719767 0.149701 0.221710 0.928135 
0.790420 0.571376 0.653742 0.193065 
0.412367 0.666554 0.691862 0.488947 
0.740423 0.608211 0.282662 0.448085 
0.337144 0.589965 0.365980 0.819077 
0.781587 0.709643 0.286830 0.329681 
0.135244 0.304514 0.839038 0.745994 
0.175012 0.880790 0.589846 0.467284 
0.619234 0.035415 0.716391 0.949473 
0.604804 0.291475 0.989143 0.328015 
0.524501 0.298489 0.664579 0.625978 
0.000000 0.000000 0.000000 0.000000 
