1769
1
13
39
42
55
56
58
63
64
65
88
95
96
97
110
135
141
142
158
159
161
164
172
184
188
197
227
228
234
237
238
239
251
256
258
261
263
269
274
275
277
284
288
289
292
293
294
302
303
313
326
332
338
345
348
350
356
368
375
379
380
381
393
395
396
400
417
418
419
430
439
448
462
470
473
476
481
498
501
529
539
540
549
556
558
566
568
571
576
583
590
591
596
597
612
613
619
643
650
659
663
685
694
702
704
705
707
709
714
718
729
736
754
769
774
775
776
778
783
788
801
819
837
838
864
866
874
879
894
907
909
922
925
938
944
960
961
969
977
982
986
988
991
998
1003
1006
1009
1010
1016
1018
1030
1037
1043
1051
1059
1065
1066
1068
1090
1099
1106
1108
1115
1119
1122
1127
1158
1175
1183
1187
1207
1208
1233
1245
1250
1252
1259
1262
1263
1267
1270
1271
1274
1278
1280
1281
1282
1284
1285
1286
1290
1302
1315
1319
1324
1328
1333
1349
1350
1358
1390
1394
1398
1400
1421
1425
1426
1429
1436
1460
1475
1479
1492
1505
1518
1526
1542
1546
1554
1555
1557
1567
1568
1569
1571
1573
1606
1629
1630
1634
1667
1669
1671
1672
1674
1678
1679
1708
1715
1739
1751
1756
1765
1792
1799
1805
1807
1808
1813
1842
1845
1846
1871
1880
1886
1887
1889
1892
1895
1896
1901
1903
1906
1909
1912
1920
1931
1935
1955
1961
1963
1970
1974
1992
2000
2002
2003
2005
2009
2015
2021
2022
2026
2028
2032
2036
2043
2056
2069
2071
2073
2078
2079
2082
2083
2087
2089
2090
2092
2093
2103
2104
2117
2118
2119
2123
2133
2137
2147
2151
2152
2157
2159
2160
2163
2164
2165
2168
2170
2171
2176
2185
2190
2193
2197
2203
2226
2232
2246
2248
2251
2253
2256
2257
2261
2264
2269
2274
2275
2277
2283
2284
2285
2287
2288
2289
2292
2296
2304
2312
2320
2321
2330
2332
2333
2335
2339
2340
2344
2348
2352
2356
2359
2361
2363
2367
2374
2381
2385
2386
2390
2392
2397
2399
2400
2401
2406
2408
2410
2411
2414
2417
2421
2427
2435
2436
2437
2443
2445
2447
2448
2452
2456
2464
2466
2469
2470
2471
2476
2478
2479
2481
2493
2495
2504
2507
2509
2523
2527
2529
2533
2541
2542
2543
2544
2547
2548
2554
2559
2561
2566
2569
2571
2579
2580
2584
2587
2601
2607
2622
2625
2628
2640
2648
2649
2652
2666
2674
2684
2688
2693
2701
2703
2704
2709
2714
2715
2716
2734
2735
2736
2739
2740
2744
2745
2753
2766
2774
2775
2777
2779
2782
2786
2787
2788
2798
2799
2800
2802
2805
2810
2821
2829
2839
2840
2853
2859
2879
2881
2882
2884
2890
2914
2921
2927
2947
2949
2950
2951
2953
2957
2958
2965
2987
2990
2996
3007
3009
3011
3016
3017
3018
3023
3025
3026
3027
3048
3098
3106
3107
3109
3113
3120
3128
3135
3140
3146
3161
3164
3165
3169
3171
3179
3184
3187
3198
3202
3205
3208
3209
3212
3213
3218
3223
3232
3240
3251
3252
3254
3255
3257
3262
3264
3265
3270
3271
3273
3282
3296
3302
3303
3309
3310
3311
3312
3321
3327
3335
3342
3349
3354
3355
3359
3363
3368
3369
3373
3382
3388
3393
3394
3395
3411
3414
3417
3425
3426
3430
3462
3465
3469
3472
3501
3502
3503
3514
3515
3524
3528
3533
3538
3556
3563
3565
3568
3571
3579
3586
3595
3598
3599
3602
3603
3604
3605
3616
3617
3630
3631
3634
3636
3639
3641
3644
3654
3663
3665
3667
3671
3672
3677
3679
3682
3687
3696
3700
3705
3719
3728
3738
3742
3756
3758
3760
3762
3763
3766
3770
3777
3778
3800
3801
3804
3805
3807
3808
3809
3810
3811
3813
3840
3844
3846
3848
3852
3854
3855
3857
3858
3863
3866
3867
3869
3870
3880
3881
3882
3886
3887
3888
3889
3892
3900
3905
3906
3908
3918
3952
3958
3963
3967
3971
3972
3974
3979
3982
3991
4014
4018
4021
4037
4039
4048
4050
4058
4062
4067
4082
4084
4102
4119
4128
4145
4157
4168
4175
4176
4188
4201
4204
4215
4218
4224
4232
4237
4240
4241
4246
4249
4261
4271
4273
4283
4285
4286
4332
4333
4336
4337
4347
4349
4351
4355
4359
4361
4380
4387
4389
4400
4401
4404
4429
4448
4463
4471
4484
4505
4514
4515
4516
4519
4538
4539
4540
4547
4568
4574
4577
4578
4585
4590
4602
4609
4612
4625
4634
4650
4663
4664
4669
4676
4686
4688
4693
4696
4697
4698
4699
4701
4702
4704
4705
4706
4708
4709
4710
4722
4723
4725
4729
4730
4733
4734
4735
4736
4737
4739
4740
4743
4745
4747
4748
4749
4757
4761
4768
4772
4773
4775
4776
4778
4779
4781
4783
4784
4787
4788
4789
4790
4792
4794
4795
4801
4803
4806
4808
4810
4813
4815
4821
4823
4825
4826
4828
4829
4830
4831
4836
4838
4841
4842
4843
4844
4845
4848
4850
4851
4852
4853
4857
4861
4866
4869
4871
4873
4874
4875
4876
4878
4879
4881
4885
4890
4893
4894
4896
4905
4910
4914
4916
4920
4921
4925
4936
4949
4960
4980
4982
4991
4994
5002
5004
5007
5008
5010
5012
5016
5021
5032
5033
5043
5056
5057
5063
5065
5067
5068
5070
5090
5091
5100
5104
5114
5117
5118
5119
5120
5121
5125
5126
5127
5130
5132
5139
5141
5149
5159
5161
5169
5181
5190
5193
5197
5204
5210
5214
5231
5238
5244
5247
5250
5256
5276
5279
5280
5282
5288
5303
5304
5305
5306
5312
5313
5318
5328
5339
5344
5360
5375
5396
5410
5420
5422
5424
5426
5443
5472
5474
5485
5487
5493
5498
5505
5506
5508
5513
5515
5516
5518
5519
5522
5524
5526
5528
5533
5563
5565
5566
5568
5569
5576
5579
5595
5598
5610
5619
5637
5651
5662
5673
5679
5681
5687
5691
5701
5706
5711
5713
5714
5716
5721
5754
5758
5763
5764
5765
5771
5796
5797
5800
5814
5816
5817
5819
5829
5832
5854
5864
5865
5867
5868
5889
5935
5946
5970
5984
5998
6042
6059
6073
6082
6089
6090
6103
6115
6118
6122
6126
6131
6133
6138
6142
6149
6161
6164
6166
6168
6173
6178
6179
6180
6181
6182
6190
6191
6196
6198
6200
6201
6206
6217
6227
6242
6285
6287
6311
6321
6329
6336
6340
6341
6342
6348
6356
6359
6370
6372
6375
6378
6383
6387
6402
6416
6438
6441
6458
6477
6479
6483
6496
6500
6505
6514
6527
6530
6533
6543
6548
6557
6567
6568
6571
6582
6591
6603
6611
6616
6617
6628
6634
6635
6647
6648
6651
6663
6664
6677
6692
6695
6701
6704
6706
6714
6715
6718
6741
6749
6751
6754
6762
6768
6769
6770
6772
6784
6786
6813
6815
6833
6834
6839
6849
6853
6858
6864
6865
6884
6889
6898
6902
6903
6906
6907
6913
6932
6935
6955
6958
6968
6988
7036
7046
7054
7060
7066
7074
7090
7093
7099
7102
7106
7107
7108
7110
7113
7128
7159
7165
7167
7170
7175
7184
7190
7207
7210
7212
7216
7222
7236
7244
7246
7249
7254
7261
7263
7270
7272
7277
7282
7295
7301
7312
7315
7319
7324
7327
7331
7334
7357
7369
7374
7387
7389
7394
7395
7399
7403
7407
7414
7428
7429
7436
7437
7441
7446
7453
7455
7466
7468
7472
7473
7480
7482
7486
7491
7498
7507
7518
7519
7521
7524
7526
7529
7540
7554
7556
7560
7564
7568
7570
7572
7579
7583
7585
7586
7589
7590
7603
7606
7608
7613
7617
7624
7634
7639
7641
7649
7650
7651
7660
7661
7662
7665
7670
7671
7672
7673
7684
7692
7693
7697
7701
7703
7705
7706
7707
7710
7714
7717
7720
7726
7729
7731
7732
7737
7738
7742
7743
7745
7746
7750
7754
7755
7780
7790
7800
7801
7819
7820
7825
7843
7883
7885
7899
7901
7915
7916
7922
7953
7960
7961
7993
7998
7999
8009
8012
8029
8034
8056
8058
8060
8062
8081
8082
8089
8117
8122
8131
8132
8141
8161
8164
8168
8177
8180
8197
8201
8207
8208
8211
8224
8249
8252
8253
8254
8255
8256
8260
8261
8262
8263
8265
8276
8279
8298
8307
8325
8326
8349
8353
8354
8356
8362
8379
8383
8395
8397
8400
8405
8412
8421
8422
8423
8424
8431
8438
8455
8466
8467
8468
8481
8482
8493
8512
8524
8528
8529
8530
8549
8551
8555
8558
8560
8566
8577
8583
8589
8602
8604
8606
8627
8657
8660
8674
8681
8687
8692
8710
8715
8721
8737
8739
8748
8760
8762
8782
8784
8788
8793
8795
8799
8802
8806
8810
8812
8819
8826
8829
8845
8846
8847
8855
8858
8859
8862
8868
8872
8874
8890
8913
8922
8926
8928
8929
8931
8937
8938
8941
8946
8947
8956
8965
8966
8968
8970
8971
8972
8976
8993
9007
9016
9020
9022
9023
9026
9027
9034
9035
9040
9041
9052
9057
9062
9077
9080
9083
9088
9101
9111
9120
9121
9129
9140
9147
9149
9151
9153
9155
9159
9167
9169
9174
9175
9176
9177
9179
9180
9181
9184
9186
9193
9196
9198
9201
9204
9226
9227
9233
9237
9244
9247
9248
9249
9252
9253
9254
9257
9259
9260
9264
9265
9278
9280
9287
9288
9300
9302
9304
9307
9319
9321
9322
9323
9324
9326
9333
9338
9347
9355
9372
9380
9390
9396
9406
9419
9425
9426
9429
9436
9442
9443
9445
9451
9461
9469
9474
9480
9491
9503
9512
9520
9522
9529
9530
9534
9541
9548
9555
9561
9565
9574
9578
9592
9603
9606
9613
9640
9646
9647
9657
9673
9686
9702
9705
9707
9713
9728
9742
9747
9759
9761
9768
9773
9782
9783
9786
9789
9791
9792
9826
9827
9842
9879
9882
9902
9928
9963
9974
9993
10001
10084
10097
10100
10127
10132
10138
10149
10152
10168
10182
10184
10211
10232
10238
10242
10261
10271
10293
10299
10306
10308
10321
10323
10329
10335
10338
10350
10353
10358
10363
10371
10383
10391
10397
10402
10455
10471
10485
10508
10580
10581
10596
10630
10652
10654
10674
10685
10688
10702
10720
10721
10726
10728
10771
10803
10805
10822
10832
10834
10854
10857
10875
10880
10914
10920
10930
10936
10958
10962
10969
10980
10985
10990
11001
11009
11017
11019
11029
11030
11031
11053
11087
11089
11102
11107
11119
11122
11128
11133
11154
11162
11172
11185
11190
11192
11202
11204
11206
11242
11255
11263
11272
11277
11291
11301
11308
11311
11328
11333
11347
11351
11352
11353
11396
11403
11413
11427
11429
11431
11441
11444
11450
11455
11456
11465
11466
11475
11500
11508
11511
11524
11532
11540
11564
11569
11574
11591
11592
11605
11613
11617
11621
11637
11684
11692
11696
11707
11719
11720
