4
13
2988.821865 1390.437321 2785.193599 2835.547215 
2990.657008 1394.690848 2783.725366 2830.926778 
2993.285672 1383.064239 2782.723915 2840.926174 
2997.915239 1382.077879 2779.266990 2840.739893 
2997.376007 1381.952879 2780.109910 2840.561204 
2977.603552 1402.027859 2780.559564 2839.809025 
2976.552118 1410.812988 2777.338085 2835.296808 
2986.137671 1389.722698 2778.635937 2845.503694 
2987.417349 1389.509677 2777.570965 2845.502009 
2994.542177 1391.692959 2779.530429 2834.234435 
2990.536550 1396.189861 2783.177984 2830.095605 
2985.043169 1407.198845 2778.977995 2828.779990 
0.000000 0.000000 0.000000 0.000000 
9
0
1
2
3
4
5
6
7
8
