4
1
2644.038240 2021.352615 2594.570720 2654.947575 
5
12
1.000000 1.000000 1.000000 1.000000 -10000.000000 
-0.348496 -0.017650 0.203269 0.013091 0.000000 
0.131400 -0.326069 0.005268 0.022466 0.000000 
-0.077191 -0.310433 0.248495 -0.033062 0.000000 
-0.152682 0.290322 -0.162402 0.025626 0.000000 
0.138686 -0.353614 0.121494 -0.019672 0.000000 
0.234287 0.200156 -0.443616 0.015764 0.000000 
0.387214 0.061435 0.080892 -0.593641 0.000000 
0.046513 -0.056558 0.752610 -0.839939 0.000000 
-0.381284 0.623852 -0.095452 -0.034023 0.000000 
0.044072 -0.013972 -0.323523 0.083923 0.000000 
-0.386969 0.090166 0.281214 0.009862 0.000000 
