142
4
12
14
24
32
38
39
40
52
54
59
65
73
77
81
82
90
96
101
141
145
156
160
167
171
174
180
182
199
201
205
215
220
223
240
252
266
268
282
286
290
291
296
312
313
318
321
330
331
335
342
344
357
358
360
366
367
374
378
380
384
392
395
396
404
407
412
425
443
446
449
459
460
465
467
471
473
475
478
480
498
507
510
527
528
536
549
550
554
555
559
561
576
578
580
583
584
587
588
589
593
605
609
613
615
629
648
693
706
708
713
721
736
737
753
760
768
774
779
788
808
815
820
824
830
836
844
865
875
879
890
900
909
911
913
922
925
941
943
945
957
960
